%YAML:1.0
---
K1: !!opencv-matrix
   rows: 3
   cols: 3
   dt: d
   data: [ 2.4918407054250829e+03, 0., 2.0805986872561521e+03, 0.,
       2.4127014959137809e+03, 1.4885308084485798e+03, 0., 0., 1. ]
D1: !!opencv-matrix
   rows: 1
   cols: 5
   dt: d
   data: [ -3.6381089181460459e-03, -1.0090879609865303e-01,
       3.9581636869192478e-03, 3.8892048110588100e-04,
       7.7683382757398972e-02 ]
K2: !!opencv-matrix
   rows: 3
   cols: 3
   dt: d
   data: [ 2.5045373690939737e+03, 0., 2.0807519874414556e+03, 0.,
       2.4241369224699729e+03, 1.6172087757124184e+03, 0., 0., 1. ]
D2: !!opencv-matrix
   rows: 1
   cols: 5
   dt: d
   data: [ -2.0700584916116130e-04, -1.0765958454461660e-01,
       4.0972412236011269e-03, -6.9588981933037903e-04,
       8.0640006785572635e-02 ]
R: !!opencv-matrix
   rows: 3
   cols: 3
   dt: d
   data: [ 9.9952511132482091e-01, 2.5820432873294368e-02,
       -1.6818355369660129e-02, -2.5819015734309569e-02,
       9.9966658820325183e-01, 3.0142425539057751e-04,
       1.6820530836330679e-02, 1.3295226948915789e-04,
       9.9985851602418130e-01 ]
T: !!opencv-matrix
   rows: 3
   cols: 1
   dt: d
   data: [ -4.1880038233475458e+00, 5.0513183140328870e-02,
       -7.7792596262062450e-03 ]
E: !!opencv-matrix
   rows: 3
   cols: 3
   dt: d
   data: [ 6.4880572796282253e-04, 7.7833817716145299e-03,
       5.0508381191887233e-02, 6.2668882109379695e-02,
       3.5594076196093907e-04, 4.1875421222687814e+00,
       5.7640941608650638e-02, -4.1879117657225065e+00,
       -4.1281726911865011e-04 ]
F: !!opencv-matrix
   rows: 3
   cols: 3
   dt: d
   data: [ -3.9850373390776628e-10, -4.9374502769109773e-09,
       -6.9125233982478425e-05, -3.9768575687337985e-08,
       -2.3328268082745099e-10, -6.5385806173227515e-03,
       -2.3526640049214785e-05, 6.6642930486428935e-03, 1. ]
R1: !!opencv-matrix
   rows: 3
   cols: 3
   dt: d
   data: [ 9.9979332339235727e-01, 1.3762277966482730e-02,
       -1.4963629413966503e-02, -1.3762227185713138e-02,
       9.9990529040913001e-01, 1.0637068309194199e-04,
       1.4963676117654975e-02, 9.9584168757772161e-05,
       9.9988803297171192e-01 ]
R2: !!opencv-matrix
   rows: 3
   cols: 3
   dt: d
   data: [ 9.9992554447707982e-01, -1.2060500487916225e-02,
       1.8573718519806067e-03, 1.2060506790830124e-02,
       9.9992726941262777e-01, 7.8073442250208612e-06,
       -1.8573309247136779e-03, 1.4594082908738363e-05,
       9.9999827505293670e-01 ]
P1: !!opencv-matrix
   rows: 3
   cols: 4
   dt: d
   data: [ 2.3046708269118126e+03, 0., 2.0514316024780273e+03, 0., 0.,
       2.3046708269118126e+03, 1.6259727783203125e+03, 0., 0., 0., 1.,
       0. ]
P2: !!opencv-matrix
   rows: 3
   cols: 4
   dt: d
   data: [ 2.3046708269118126e+03, 0., 2.0514316024780273e+03,
       -9.6526889306661396e+03, 0., 2.3046708269118126e+03,
       1.6259727783203125e+03, 0., 0., 0., 1., 0. ]
Q: !!opencv-matrix
   rows: 4
   cols: 4
   dt: d
   data: [ 1., 0., 0., -2.0514316024780273e+03, 0., 1., 0.,
       -1.6259727783203125e+03, 0., 0., 0., 2.3046708269118126e+03, 0.,
       0., 2.3875946313674126e-01, 0. ]
